15:42:51$ fm DX-2 to CQ-2 UI  PID=F
          hi hi 113 198 199 199 299 200 254 263 322 350 300 300 440 400 400 400 500 500 500 500 600 600 600 649 
15:42:55$ fm DX-2 to CQ-2 UI  PID=F
          hi hi 111 196 199 199 299 200 255 263 322 350 300 300 440 400 400 400 500 500 500 500 600 600 600 651 
15:42:59$ fm DX-2 to CQ-2 UI  PID=F
          hi hi 113 192 199 199 299 200 255 262 322 350 300 300 440 400 400 400 500 500 500 500 600 600 600 649 
15:43:03$ fm DX-2 to CQ-2 UI  PID=F
          hi hi 113 189 199 199 299 200 255 261 323 350 300 300 440 400 400 400 500 500 500 500 600 600 600 649 
15:43:07$ fm DX-2 to CQ-2 UI  PID=F
          hi hi 113 189 199 198 299 200 255 260 323 350 300 300 440 400 400 400 500 500 500 500 600 600 600 651 
15:43:10$ fm DX-2 to CQ-2 UI  PID=F
          hi hi 113 194 198 195 299 200 256 261 323 350 300 300 440 400 400 400 500 500 500 500 600 600 600 651 
15:43:14$ fm DX-2 to CQ-2 UI  PID=F
          hi hi 114 198 197 192 299 200 256 259 323 350 300 300 440 400 400 400 500 500 500 500 600 600 600 651 
